111111111111111111111111111111111111110111111111111111111111111111111111111111111111111111111111111111111111111111111111111111111111111111111111111111
111111111111111111111111111111111111111100111111111111111111111111111111111111111111111111111111111111111111111111111111111111111111111111111111111111
111111111111111111111111111111111111111110000111111111111111111111111111111111111111111111111111111111111111111111111111111111111111111111111111111111
111111111111111111111111111111111111111111000000111111111111111111111111111111111111111111111111111111111111111111111111111111111111111111111111111111
111111111111111111111111111111111111111111100000000111111111111111111111111111111111111111111111111111111111111111111111111111111111111111111111111111
111111111111111111111111111111111111111111100000000000111111111111111111111111111111111111111111111111111111111111111111111111111111111111111111111111
111111111111111111111111111111111111111111110000000000000011111111111111111111111111111111111111111111111111111111111111111111111111111111111111111111
111111111111111111111111111111111111111111110000000000000000011111111111111111111111111111111111111111111111111111111111111111111111111111111111111111
111111111111111111111111111111111111111111110000000000000000000011111111111111111111111111111111111111111111111111111111111111111111111111111111111111
111111111111111111111111111111111111111111100000000000000000000000011111111111111111111111111111111111111111111111111111111111111111111111111111111111
111111111111111111111111111111111111111111100000000000000000000000000011111111111111111111111111111111111111111111111111111111111111111111111111111111
111111111111111111111111111111111111111111000000000000000000000000000000011111111111111111111111111111111111111111111111111111111111111111111111111111
111111111111111111111111111111111111111111000000000000000000000000000000000011111111111111111111111111111111111111111111111111111111111111111111110001
111111111111111111111111111111111111111110000000000000001111000000000000000000011111111111111111111111111111111111111111111111111111111111111100000001
111111111111111111111111111111111111111100000000000000001110000000000000000000000011111111111111111111111111111111111111111111111111111111110001110011
111111111111111111111111111111111111111000000000000000011110000000000000000000000000000000000011111100000000000000011111111000000000011111000011110000
111111111111111111111111111111111111100000000011111111011100000000111111111000000000011111111100111100111101111111000111000111111111000110011111111100
111111111111111111111111111111111111000000001111000011111100000011110000111100000001111000011110011100111110000111100110011111000011110010000111100001
111111111111111111111111111111111100000000011110000001111100000000000000111100000011100000001110011001111000100111100100111100000001110011100111001111
111111111111111111111111111111111000000000011100000001111000000011111111111100000111111111111110001001111001000111001100111111111111110011001111001111
111111111111111111111111111111100000000000111100000001111000001111000001111000000111100000000000000011110011001111001100111100000000000011001110011111
111111111111111111111111111110000000000000011110000011110000001111000011111000000011100000011100000011110011001111001100111100000011100010011110000011
111111111111111111111111111000000000000000011111111111110000000111111111111000000001111111111000000011100000011110011110001111111111001110011111110011
111111111111111111111111100000000000000000000001000000000000000001100000000000000000001110000000000000000000000000011111100001110000011111000011100111
111111111111111111111110000000000000000000000000000000000000000000000000000000000000000000000000000000000000000000111111111110001111111111111111111111
111111111111111111111000000000000000000000000000000000000011111111111111111111111111111110000000000000000000000000001111111111111111111111111111111111
111111111111111111100000000000000000000000000000111111111111111111111111111111111111111111111111111100000000000000000000111111111111111111111111111111
111111111111111100000000000000000000000111111111111111111111111111111111111111111111111111111111111111111111000000000000000111111111111111111111111111
111111111111110000000000000000000111111111111111111111111111111111111111111111111111111111111111111111111111111111000000000000111111111111111111111111
111111111111000000000000000111111111111111111111111111111111111111111111111111111111111111111111111111111111111111111111000000000111111111111111111111
111111111000000000001111111111111111111111111111111111111111111111111111111111111111111111111111111111111111111111111111111110000000111111111111111111
111111100000000111111111111111111111111111111111111111111111111111111111111111111111111111111111111111111111111111111111111111111100000111111111111111
111100000011111111111111111111111111111111111111111111111111111111111111111111111111111111111111111111111111111111111111111111111111110000111111111111
110011111111111111111111111111111111111111111111111111111111111111111111111111111111111111111111111111111111111111111111111111111111111111100111111111
111111111111111111111111111111111111111111111111111111111111111111111111111111111111111111111111111111111111111111111111111111111111111111111110011111
