111111111111111111111111111111111111111111111111111111111111111111111111111111111111111111111111111111111111111111111111
111111111111111111111111111111110011111111111111111111111111111111111111111111111111111111111111111111111111111111111111
111111111111111111111111111111111000011111111111111111111111111111111111111111111111111111111111111111111111111111111111
111111111111111111111111111111111100000001111111111111111111111111111111111111111111111111111111111111111111111111111111
111111111111111111111111111111111110000000001111111111111111111111111111111111111111111111111111111111111111111111111111
111111111111111111111111111111111110000000000001111111111111111111111111111111111111111111111111111111111111111111111111
111111111111111111111111111111111110000000000000001111111111111111111111111111111111111111111111111111111111111111111111
111111111111111111111111111111111110000000000000000001111111111111111111111111111111111111111111111111111111111111111111
111111111111111111111111111111111100000000000000000000001111111111111111111111111111111111111111111111111111111111111111
111111111111111111111111111111111100000000000000000000000001111111111111111111111111111111111111111111111111111111111111
111111111111111111111111111111111000000000000000000000000000001111111111111111111111111111111111111111111111111111100001
111111111111111111111111111111110000000000000111000000000000000001111111111111111111111111111111111111111111111100011001
111111111111111111111111111111100000000000001110000000000000000000000000000111110000000000001111111000000001110001111000
111111111111111111111111111111000000111111101110000011111111000000011111111001110011111111110011001111111100110011111100
111111111111111111111111111100000001110000011100000000000011100000111000011100110111100001110010011100001110010001110001
111111111111111111111111110000000011100000011100000011111111100001111111111100100111001001110110111111111110011011100111
111111111111111111111111100000000011100000111000001110000111000001110000000000001110011011100100111000000000010011101111
111111111111111111111110000000000011110001111000001110001111000000111000111000001110010011100110011100011110110011100001
111111111111111111111000000000000000111110111000000111110111000000011111110000001110000111001111001111111001110011110011
111111111111111111100000000000000000000000000000000000000000000000000000000000000000000000001111110000001111111100000111
111111111111111110000000000000000000000000000001111111111111111111111111000000000000000000000111111111111111111111111111
111111111111111000000000000000000000011111111111111111111111111111111111111111111000000000000000011111111111111111111111
111111111111000000000000000001111111111111111111111111111111111111111111111111111111111110000000000011111111111111111111
111111111100000000000001111111111111111111111111111111111111111111111111111111111111111111111110000000011111111111111111
111111110000000011111111111111111111111111111111111111111111111111111111111111111111111111111111111100000011111111111111
111110000001111111111111111111111111111111111111111111111111111111111111111111111111111111111111111111111000011111111111
111000111111111111111111111111111111111111111111111111111111111111111111111111111111111111111111111111111111110011111111
111111111111111111111111111111111111111111111111111111111111111111111111111111111111111111111111111111111111111111011111
